lcl|NW_011934501.1_cds_XP_011426503.1_1	XP_030832723.1	58.621	145	60	0	1	435	1	145	8.98e-56	172
lcl|NW_011934501.1_cds_XP_011434216.1_2	XP_030832723.1	58.621	145	60	0	1	435	1	145	8.98e-56	172
lcl|NW_011934501.1_cds_XP_011445785.1_3	XP_030832773.1	50.000	192	92	1	7	570	334	525	9.85e-58	190
lcl|NW_011934507.1_cds_XP_011423156.1_5	XP_030841873.1	59.006	161	66	0	1	483	46	206	1.42e-65	214
lcl|NW_011934512.1_cds_XP_011426108.1_6	XP_003724618.2	51.515	396	188	3	1	1179	129	523	2.91e-124	370
lcl|NW_011934514.1_cds_XP_011427256.2_7	XP_030834558.1	45.833	120	62	2	1	360	57	173	1.12e-30	108
lcl|NW_011934516.1_cds_XP_011428421.2_8	XP_030834151.1	41.905	105	61	0	19	333	7	111	3.08e-21	88.2
lcl|NW_011934516.1_cds_XP_019923453.1_9	XP_030834151.1	41.905	105	61	0	19	333	7	111	3.08e-21	88.2
lcl|NW_011934516.1_cds_XP_019923670.1_10	XP_030834151.1	41.905	105	61	0	19	333	7	111	3.08e-21	88.2
lcl|NW_011934520.1_cds_XP_011430737.1_12	XP_011671541.2	32.676	355	220	9	1	1026	1258	1606	5.33e-49	177
lcl|NW_011934520.1_cds_XP_011429578.1_13	XP_030828001.1	57.315	499	209	2	4	1488	1508	2006	3.01e-163	513
lcl|NW_011934525.1_cds_XP_011434217.1_14	XP_030853898.1	58.209	134	48	4	22	402	8	140	2.63e-26	112
lcl|NW_011934525.1_cds_XP_011436541.1_15	XP_030853898.1	36.392	316	159	9	22	948	8	288	3.65e-26	111
lcl|NW_011934525.1_cds_XP_011432688.1_16	XP_030853898.1	58.209	134	48	4	22	402	8	140	3.50e-26	111
lcl|NW_011934525.1_cds_XP_011433459.1_17	XP_030853898.1	58.871	124	48	3	4	369	18	140	7.10e-24	104
lcl|NW_011934525.1_cds_XP_011434994.1_18	XP_030853898.1	64.545	110	36	3	4	327	32	140	2.45e-23	103
lcl|NW_011934525.1_cds_XP_011435774.1_19	XP_030853898.1	64.545	110	36	3	4	327	32	140	2.45e-23	103
lcl|NW_011934527.1_cds_XP_011437695.1_20	XP_030836439.1	62.326	215	77	3	67	711	18	228	2.34e-65	213
lcl|NW_011934528.1_cds_XP_019926840.1_21	XP_793542.2	66.875	480	156	2	1	1431	1	480	0.0	686
lcl|NW_011934530.1_cds_XP_011443863.1_22	XP_030850384.1	46.281	121	55	3	37	384	82	197	4.63e-29	108
lcl|NW_011934530.1_cds_XP_011443863.1_22	XP_030850384.1	40.708	113	57	3	61	384	2	109	5.15e-22	90.9
lcl|NW_011934533.1_cds_XP_019929118.1_28	XP_030843144.1	31.373	612	404	8	1	1824	1	600	2.83e-105	332
lcl|NW_011934533.1_cds_XP_011446188.1_29	XP_030843144.1	31.373	612	404	8	1	1824	1	600	2.83e-105	332
lcl|NW_011934533.1_cds_XP_011446961.1_30	XP_030843144.1	31.373	612	404	8	1	1824	1	600	2.83e-105	332
lcl|NW_011934533.1_cds_XP_011447717.1_31	XP_030843144.1	31.373	612	404	8	1	1824	1	600	2.83e-105	332
lcl|NW_011934533.1_cds_XP_011448856.1_32	XP_030834480.1	49.195	435	206	8	364	1641	190	618	1.65e-110	351
lcl|NW_011934533.1_cds_XP_011449976.1_33	XP_030833135.1	72.401	779	211	4	1	2331	66	842	0.0	1139
lcl|NW_011934534.1_cds_XP_011452277.1_35	XP_793909.2	81.780	236	43	0	13	720	7	242	6.69e-147	410
lcl|NW_011934534.1_cds_XP_011453429.1_36	XP_030840515.1	43.381	982	474	14	1	2745	1	967	0.0	783
lcl|NW_011934535.1_cds_XP_019918435.1_37	NP_001116980.1	100.000	41	0	0	73	195	26	66	4.04e-23	87.4
lcl|NW_011934547.1_cds_XP_011423879.2_53	XP_011674151.1	29.697	165	110	2	1	477	14	178	3.67e-28	108
lcl|NW_011934548.1_cds_XP_011424376.1_54	XP_030854474.1	58.186	397	161	4	1	1182	1	395	6.45e-154	465
lcl|NW_011934548.1_cds_XP_019922042.1_55	XP_030854474.1	58.186	397	161	4	1	1182	1	395	5.20e-154	465
lcl|NW_011934548.1_cds_XP_011424190.1_56	XP_030854339.1	66.509	424	141	1	214	1485	116	538	0.0	593
lcl|NW_011934548.1_cds_XP_011424499.1_57	XP_030855314.1	44.343	654	329	12	220	2100	98	743	0.0	550
lcl|NW_011934548.1_cds_XP_011424582.1_58	XP_030855314.1	43.769	658	297	12	220	2010	98	743	0.0	546
lcl|NW_011934551.1_cds_XP_011424700.1_59	XP_030833172.1	32.258	279	162	6	3166	4002	193	444	6.08e-43	164
lcl|NW_011934555.1_cds_XP_011425356.1_65	XP_003728056.1	67.423	881	285	2	25	2664	15	894	0.0	1265
lcl|NW_011934555.1_cds_XP_011425276.1_66	XP_003728056.1	67.537	881	284	2	25	2664	15	894	0.0	1268
lcl|NW_011934556.1_cds_XP_011425650.1_68	XP_011671541.2	37.500	224	119	7	28	669	1009	1221	8.80e-34	130
lcl|NW_011934557.1_cds_XP_011425759.1_69	XP_001175504.1	92.353	170	13	0	1	510	1	170	1.54e-107	305
lcl|NW_011934557.1_cds_XP_011425871.1_70	XP_030854618.1	38.636	440	241	9	400	1671	210	636	3.97e-91	293
lcl|NW_011934557.1_cds_NP_001292274.1_71	XP_783271.3	60.150	133	51	1	1	393	1	133	7.46e-46	145
lcl|NW_011934558.1_cds_XP_011426724.1_72	XP_030846947.1	45.722	713	330	11	445	2529	141	814	1.98e-147	516
lcl|NW_011934558.1_cds_XP_019922849.1_73	XP_030846947.1	46.088	703	329	10	646	2691	141	814	1.19e-149	523
lcl|NW_011934558.1_cds_XP_011426580.1_74	XP_030846947.1	46.515	703	329	9	646	2700	141	814	1.95e-153	536
lcl|NW_011934558.1_cds_XP_011426427.1_75	XP_030846947.1	46.186	708	329	10	646	2715	141	814	1.25e-151	530
lcl|NW_011934558.1_cds_XP_011426504.1_76	XP_030846947.1	46.045	708	330	10	646	2715	141	814	5.36e-149	521
lcl|NW_011934558.1_cds_XP_011426352.1_77	XP_030846947.1	45.302	713	330	12	646	2721	141	814	2.17e-143	503
lcl|NW_011934558.1_cds_XP_011426269.1_78	XP_030846947.1	46.283	713	323	12	646	2721	141	814	2.48e-144	506
lcl|NW_011934558.1_cds_XP_011426189.1_79	XP_030846947.1	45.722	713	330	11	646	2730	141	814	3.95e-147	515
lcl|NW_011934558.1_cds_XP_011426653.1_80	XP_030846947.1	45.722	713	330	11	646	2730	141	814	3.38e-147	515
lcl|NW_011934558.1_cds_XP_011426109.1_81	XP_030846947.1	45.722	713	330	11	646	2730	141	814	3.96e-147	515
lcl|NW_011934558.1_cds_XP_011426803.1_82	XP_030846947.1	45.722	713	330	11	88	2172	141	814	2.50e-147	515
lcl|NW_011934558.1_cds_XP_011426919.1_83	XP_030831108.1	76.792	530	123	0	1	1590	1	530	0.0	834
lcl|NW_011934558.1_cds_XP_011427038.1_84	XP_030848141.1	66.767	662	206	5	61	2016	27	684	0.0	940
lcl|NW_011934558.1_cds_XP_011427121.1_85	XP_030848141.1	66.767	662	206	5	61	2016	27	684	0.0	940
lcl|NW_011934558.1_cds_XP_011427533.1_88	XP_030847302.1	48.000	350	159	5	160	1158	74	417	1.99e-110	330
lcl|NW_011934558.1_cds_XP_011427448.1_89	XP_798408.4	50.789	317	141	3	304	1227	113	423	7.61e-109	327
lcl|NW_011934558.1_cds_XP_011427644.1_90	XP_030848096.1	49.595	494	244	3	163	1632	44	536	1.16e-178	542
lcl|NW_011934558.1_cds_XP_011427644.1_90	XP_030848096.1	49.215	191	91	2	2065	2631	691	877	3.86e-47	183
lcl|NW_011934559.1_cds_XP_019923135.1_93	XP_003725730.1	25.365	1301	634	59	313	3624	96	1256	6.13e-32	137
lcl|NW_011934559.1_cds_XP_019923135.1_93	XP_003725730.1	24.980	1221	622	57	460	3624	236	1328	2.21e-29	129
lcl|NW_011934559.1_cds_XP_019923135.1_93	XP_003725730.1	23.671	1166	619	48	457	3639	450	1449	7.66e-25	114
lcl|NW_011934559.1_cds_XP_019923135.1_93	XP_003725730.1	24.010	1212	632	50	475	3636	585	1665	3.53e-24	112
lcl|NW_011934559.1_cds_XP_019923135.1_93	XP_003725730.1	22.900	1214	625	47	466	3639	844	1902	2.46e-23	109
lcl|NW_011934567.1_cds_XP_011430784.1_106	XP_030838218.1	51.308	1070	495	10	43	3213	16	1072	0.0	1049
lcl|NW_011934567.1_cds_XP_011431095.1_107	XP_030838219.1	51.308	1070	495	10	52	3222	16	1072	0.0	1049
lcl|NW_011934567.1_cds_XP_011430687.1_108	XP_030838219.1	51.308	1070	495	10	52	3222	16	1072	0.0	1049
lcl|NW_011934567.1_cds_XP_011430939.1_109	XP_030838219.1	51.308	1070	495	10	13	3183	16	1072	0.0	1050
lcl|NW_011934567.1_cds_XP_011430863.1_110	XP_030838219.1	51.308	1070	495	10	22	3192	16	1072	0.0	1049
lcl|NW_011934567.1_cds_XP_011431912.1_111	XP_030838219.1	51.308	1070	495	10	52	3222	16	1072	0.0	1048
lcl|NW_011934567.1_cds_XP_011431167.1_112	XP_030838219.1	51.308	1070	495	10	52	3222	16	1072	0.0	1049
lcl|NW_011934567.1_cds_XP_019923816.1_113	XP_030838218.1	51.308	1070	495	10	52	3222	16	1072	0.0	1048
lcl|NW_011934567.1_cds_XP_011431018.1_114	XP_030838218.1	51.308	1070	495	10	52	3222	16	1072	0.0	1048
lcl|NW_011934567.1_cds_XP_011431250.1_115	XP_030838218.1	51.308	1070	495	10	52	3222	16	1072	0.0	1049
lcl|NW_011934567.1_cds_XP_011431328.1_116	XP_030838218.1	51.308	1070	495	10	52	3222	16	1072	0.0	1049
lcl|NW_011934567.1_cds_XP_011431679.1_117	XP_030838218.1	51.308	1070	495	10	52	3222	16	1072	0.0	1049
lcl|NW_011934567.1_cds_XP_011431755.1_118	XP_030838218.1	51.308	1070	495	10	52	3222	16	1072	0.0	1049
lcl|NW_011934567.1_cds_XP_019923966.1_119	XP_030838218.1	51.308	1070	495	10	52	3222	16	1072	0.0	1048
lcl|NW_011934567.1_cds_XP_019923983.1_120	XP_030838218.1	51.308	1070	495	10	52	3222	16	1072	0.0	1048
lcl|NW_011934567.1_cds_XP_011431488.1_121	XP_030838218.1	51.308	1070	495	10	52	3222	16	1072	0.0	1048
lcl|NW_011934567.1_cds_XP_019924112.1_122	XP_030838219.1	51.308	1070	495	10	52	3222	16	1072	0.0	1048
lcl|NW_011934567.1_cds_XP_019924127.1_123	XP_030838215.1	52.210	973	443	9	52	2943	16	975	0.0	1003
lcl|NW_011934570.1_cds_XP_011432341.1_127	XP_030836150.1	46.894	322	137	9	16	894	884	1200	1.03e-51	183
lcl|NW_011934574.1_cds_XP_011433046.1_131	XP_030828372.1	33.239	1056	637	25	184	3219	159	1190	0.0	568
lcl|NW_011934574.1_cds_XP_011433124.1_132	XP_030828372.1	33.239	1056	637	25	184	3219	159	1190	0.0	568
lcl|NW_011934574.1_cds_XP_011433197.1_133	XP_030828372.1	33.239	1056	637	25	184	3219	159	1190	0.0	568
lcl|NW_011934574.1_cds_XP_011433280.1_134	XP_030828372.1	33.239	1056	637	25	184	3219	159	1190	0.0	568
lcl|NW_011934574.1_cds_XP_019924487.1_135	XP_786592.4	64.266	361	129	0	19	1101	2	362	4.60e-156	476
lcl|NW_011934575.1_cds_XP_011433497.1_137	NP_001116983.1	84.878	205	31	0	1	615	1	205	3.19e-132	370
lcl|NW_011934575.1_cds_XP_011433717.1_139	XP_030827912.1	42.857	406	182	7	46	1233	415	780	3.60e-89	297
lcl|NW_011934577.1_cds_XP_011434218.1_140	XP_030853279.1	67.568	148	48	0	325	768	234	381	1.79e-65	209
lcl|NW_011934577.1_cds_XP_011434021.2_141	XP_030851466.1	43.939	594	295	9	76	1812	377	947	2.19e-171	523
lcl|NW_011934577.1_cds_XP_011434104.2_142	XP_030851466.1	44.923	581	298	9	76	1782	377	947	1.32e-174	531
lcl|NW_011934577.1_cds_XP_011433944.2_143	XP_030851466.1	43.719	597	299	9	76	1833	377	947	6.58e-172	524
lcl|NW_011934580.1_cds_XP_011435352.2_150	XP_030851927.1	45.055	455	243	2	46	1389	233	687	9.92e-137	410
lcl|NW_011934583.1_cds_XP_011436462.1_154	NP_001154909.1	36.325	702	430	10	157	2247	47	736	1.54e-148	452
lcl|NW_011934583.1_cds_XP_011436542.1_155	NP_001154909.1	36.325	702	430	10	157	2247	47	736	1.54e-148	452
lcl|NW_011934583.1_cds_XP_011436311.1_156	NP_001154909.1	36.325	702	430	10	187	2277	47	736	2.66e-148	452
lcl|NW_011934584.1_cds_XP_011436768.1_158	XP_001199776.1	35.417	480	296	6	154	1557	5	482	3.02e-99	310
lcl|NW_011934584.1_cds_XP_019925445.1_159	XP_001199776.1	33.962	371	231	6	1	1077	114	482	1.54e-68	225
lcl|NW_011934584.1_cds_XP_011436953.1_160	XP_783666.1	56.618	136	58	1	4	408	35	170	2.60e-51	161
lcl|NW_011934586.1_cds_XP_011437737.1_163	XP_030835630.1	45.669	127	66	2	115	492	4	128	7.61e-36	124
lcl|NW_011934586.1_cds_XP_019925595.1_164	XP_030832152.1	42.308	156	77	4	31	492	5	149	2.02e-28	112
lcl|NW_011934586.1_cds_XP_011437425.1_166	XP_011681945.2	29.054	444	300	9	1	1314	108	542	6.61e-60	205
lcl|NW_011934589.1_cds_XP_011438099.1_173	XP_030848610.1	70.303	165	49	0	1	495	1	165	2.43e-82	241
lcl|NW_011934589.1_cds_XP_011438219.1_174	XP_797121.2	41.972	355	195	6	1	1062	1	345	2.07e-102	306
lcl|NW_011934589.1_cds_XP_011438296.1_175	XP_797121.2	41.718	326	184	3	58	1032	25	345	1.87e-96	290
lcl|NW_011934589.1_cds_XP_011438404.1_176	XP_030852809.1	29.810	369	228	4	181	1200	17	383	4.62e-42	164
lcl|NW_011934589.1_cds_XP_011438404.1_176	XP_030852809.1	31.361	338	207	4	166	1170	100	415	8.45e-36	144
lcl|NW_011934589.1_cds_XP_011438518.1_177	XP_030849429.1	55.556	72	30	1	22	231	4	75	9.68e-23	90.5
lcl|NW_011934589.1_cds_XP_011438979.1_178	XP_030849429.1	60.653	582	188	9	22	1659	4	580	0.0	685
lcl|NW_011934589.1_cds_XP_011438979.1_178	XP_030849429.1	37.871	404	216	6	2086	3228	1322	1713	3.12e-56	217
lcl|NW_011934589.1_cds_XP_011439050.1_179	XP_030849429.1	60.653	582	188	9	22	1659	4	580	0.0	686
lcl|NW_011934589.1_cds_XP_011439050.1_179	XP_030849429.1	37.871	404	216	6	2086	3228	1322	1713	3.10e-56	217
lcl|NW_011934589.1_cds_XP_011439663.1_180	XP_030849429.1	60.653	582	188	9	22	1659	4	580	0.0	686
lcl|NW_011934589.1_cds_XP_011439663.1_180	XP_030849429.1	37.871	404	216	6	2086	3228	1322	1713	2.91e-56	217
lcl|NW_011934589.1_cds_XP_011439739.1_181	XP_030849429.1	60.653	582	188	9	22	1659	4	580	0.0	686
lcl|NW_011934589.1_cds_XP_011439739.1_181	XP_030849429.1	37.871	404	216	6	2086	3228	1322	1713	3.28e-56	217
lcl|NW_011934589.1_cds_XP_011439278.1_182	XP_030849429.1	60.653	582	188	9	22	1659	4	580	0.0	686
lcl|NW_011934589.1_cds_XP_011439278.1_182	XP_030849429.1	37.871	404	216	6	2086	3228	1322	1713	3.43e-56	217
lcl|NW_011934589.1_cds_XP_011439365.1_183	XP_030849429.1	60.653	582	188	9	22	1659	4	580	0.0	684
lcl|NW_011934589.1_cds_XP_011439365.1_183	XP_030849429.1	37.871	404	216	6	2086	3228	1322	1713	1.97e-56	218
lcl|NW_011934589.1_cds_XP_011439443.1_184	XP_030849429.1	60.653	582	188	9	22	1659	4	580	0.0	685
lcl|NW_011934589.1_cds_XP_011439443.1_184	XP_030849429.1	37.871	404	216	6	2086	3228	1322	1713	2.46e-56	217
lcl|NW_011934589.1_cds_XP_011439135.1_185	XP_030849429.1	60.653	582	188	9	22	1659	4	580	0.0	685
lcl|NW_011934589.1_cds_XP_011439135.1_185	XP_030849429.1	39.186	393	215	6	2086	3195	1322	1713	2.05e-58	224
lcl|NW_011934589.1_cds_XP_011439208.1_186	XP_030849429.1	60.653	582	188	9	22	1659	4	580	0.0	687
lcl|NW_011934589.1_cds_XP_011439208.1_186	XP_030849429.1	37.871	404	216	6	2044	3186	1322	1713	2.26e-56	218
lcl|NW_011934589.1_cds_XP_011439514.1_187	XP_030849429.1	60.653	582	188	9	22	1659	4	580	0.0	685
lcl|NW_011934589.1_cds_XP_011439514.1_187	XP_030849429.1	37.871	404	216	6	2086	3228	1322	1713	3.01e-56	217
lcl|NW_011934589.1_cds_XP_011440509.1_195	XP_781605.3	31.454	337	217	5	601	1587	96	426	1.20e-46	169
lcl|NW_011934589.1_cds_XP_011440625.1_196	XP_011669063.1	48.738	634	315	7	1	1878	1	632	0.0	535
lcl|NW_011934589.1_cds_XP_011441056.1_199	XP_030853395.1	40.209	383	190	3	1414	2562	3581	3924	1.56e-71	265
lcl|NW_011934589.1_cds_XP_011441056.1_199	XP_030853395.1	37.105	380	199	4	1273	2409	3590	3930	2.06e-65	246
lcl|NW_011934589.1_cds_XP_011441056.1_199	XP_030853395.1	34.824	425	191	7	2230	3489	3588	3931	3.65e-61	232
lcl|NW_011934589.1_cds_XP_011441056.1_199	XP_030853395.1	38.360	378	193	3	2065	3195	3590	3928	5.15e-60	228
lcl|NW_011934589.1_cds_XP_011441056.1_199	XP_030853395.1	40.059	337	162	3	1231	2238	3633	3930	1.69e-56	217
lcl|NW_011934589.1_cds_XP_011441056.1_199	XP_030853395.1	35.821	402	177	8	1831	3021	3606	3931	1.92e-52	204
lcl|NW_011934589.1_cds_XP_011441284.1_201	XP_030843513.1	52.920	565	265	1	1	1692	1	565	0.0	613
lcl|NW_011934591.1_cds_XP_019926848.1_202	XP_030847416.1	47.279	1176	553	20	13	3435	4	1147	0.0	957
lcl|NW_011934591.1_cds_XP_011441732.1_203	XP_030847416.1	47.279	1176	553	20	13	3435	4	1147	0.0	957
lcl|NW_011934591.1_cds_XP_011441856.1_204	XP_794567.1	68.504	127	40	0	1	381	6	132	3.89e-61	188
lcl|NW_011934591.1_cds_XP_011442237.1_207	XP_011662834.1	60.219	274	85	4	379	1137	163	433	9.47e-113	344
lcl|NW_011934591.1_cds_XP_011442434.1_208	XP_030847684.1	53.009	781	312	10	31	2301	9	758	0.0	796
lcl|NW_011934591.1_cds_XP_011442354.1_209	XP_030847684.1	52.881	781	313	10	31	2301	9	758	0.0	792
lcl|NW_011934591.1_cds_XP_019927106.1_211	XP_030835355.1	48.861	790	389	9	271	2619	178	959	0.0	816
lcl|NW_011934591.1_cds_XP_019927152.1_212	XP_030835355.1	49.747	790	382	9	271	2619	178	959	0.0	832
lcl|NW_011934591.1_cds_XP_011442942.1_213	XP_030835355.1	49.747	790	382	9	271	2619	178	959	0.0	832
lcl|NW_011934592.1_cds_XP_011443129.1_214	XP_030850800.1	42.640	197	111	2	148	735	295	490	1.58e-45	164
lcl|NW_011934594.1_cds_XP_011443354.1_216	XP_030849022.1	42.013	457	231	9	22	1320	27	473	7.16e-98	302
lcl|NW_011934594.1_cds_XP_011443455.1_217	XP_030848488.1	33.333	540	319	9	1	1587	1	510	2.40e-85	274
lcl|NW_011934594.1_cds_XP_011443535.1_218	XP_030848488.1	33.074	514	305	8	19	1533	27	510	1.45e-80	261
lcl|NW_011934594.1_cds_XP_011443785.1_219	XP_030849316.1	61.504	226	75	3	1	678	35	248	3.43e-95	283
lcl|NW_011934594.1_cds_XP_011443946.1_220	XP_030849316.1	61.504	226	75	3	1	678	35	248	2.62e-95	283
lcl|NW_011934594.1_cds_XP_011443864.1_221	XP_030849316.1	62.332	223	75	3	1	669	35	248	1.24e-95	284
lcl|NW_011934594.1_cds_XP_011444013.1_222	XP_030849316.1	64.352	216	75	2	1	648	35	248	2.60e-98	290
lcl|NW_011934594.1_cds_XP_011444203.1_223	XP_030830111.1	70.476	210	60	1	1	630	1	208	3.25e-102	295
lcl|NW_011934594.1_cds_XP_011444489.1_224	XP_011667292.1	81.597	288	53	0	22	885	11	298	2.09e-176	509
lcl|NW_011934594.1_cds_XP_011444334.1_225	XP_011667292.1	81.597	288	53	0	22	885	11	298	3.09e-176	509
lcl|NW_011934594.1_cds_XP_011444411.1_226	XP_011667292.1	78.188	298	61	1	1	882	1	298	5.96e-173	501
lcl|NW_011934594.1_cds_XP_011444553.1_227	XP_011667292.1	81.597	288	53	0	22	885	11	298	1.32e-177	508
lcl|NW_011934594.1_cds_XP_011444680.1_228	XP_786522.5	38.929	280	148	7	244	1038	97	368	1.99e-56	191
lcl|NW_011934594.1_cds_XP_011445038.1_229	XP_030833949.1	42.424	165	91	2	1315	1800	40	203	9.43e-34	132
lcl|NW_011934594.1_cds_XP_011445038.1_229	XP_030833949.1	37.278	169	102	2	1303	1800	64	231	4.20e-30	122
lcl|NW_011934594.1_cds_XP_011445038.1_229	XP_030833949.1	36.875	160	97	2	1324	1794	155	313	5.24e-28	116
lcl|NW_011934594.1_cds_XP_011445038.1_229	XP_030833949.1	38.509	161	95	2	1324	1797	127	286	9.35e-27	112
lcl|NW_011934594.1_cds_XP_011445038.1_229	XP_030833949.1	43.066	137	74	2	1330	1731	185	320	9.08e-25	106
lcl|NW_011934594.1_cds_XP_011444795.1_230	XP_030833949.1	42.424	165	91	2	1450	1935	40	203	1.03e-33	132
lcl|NW_011934594.1_cds_XP_011444795.1_230	XP_030833949.1	37.278	169	102	2	1438	1935	64	231	4.92e-30	122
lcl|NW_011934594.1_cds_XP_011444795.1_230	XP_030833949.1	36.875	160	97	2	1459	1929	155	313	5.59e-28	116
lcl|NW_011934594.1_cds_XP_011444795.1_230	XP_030833949.1	38.509	161	95	2	1459	1932	127	286	1.13e-26	112
lcl|NW_011934594.1_cds_XP_011444795.1_230	XP_030833949.1	43.066	137	74	2	1465	1866	185	320	9.70e-25	106
lcl|NW_011934594.1_cds_XP_011444966.1_231	XP_030833949.1	42.424	165	91	2	1450	1935	40	203	1.03e-33	132
lcl|NW_011934594.1_cds_XP_011444966.1_231	XP_030833949.1	37.278	169	102	2	1438	1935	64	231	4.92e-30	122
lcl|NW_011934594.1_cds_XP_011444966.1_231	XP_030833949.1	36.875	160	97	2	1459	1929	155	313	5.59e-28	116
lcl|NW_011934594.1_cds_XP_011444966.1_231	XP_030833949.1	38.509	161	95	2	1459	1932	127	286	1.13e-26	112
lcl|NW_011934594.1_cds_XP_011444966.1_231	XP_030833949.1	43.066	137	74	2	1465	1866	185	320	9.70e-25	106
lcl|NW_011934594.1_cds_XP_011445262.1_233	XP_030830331.1	34.101	1129	567	29	19	3072	1	1063	0.0	557
lcl|NW_011934594.1_cds_XP_011445336.1_234	XP_030830331.1	34.043	1128	568	29	19	3069	1	1063	1.79e-180	555
lcl|NW_011934595.1_cds_XP_011446775.1_249	XP_030848934.1	54.826	518	200	12	22	1476	10	526	0.0	530
lcl|NW_011934598.1_cds_XP_011448414.1_255	XP_030852217.1	67.296	159	52	0	847	1323	391	549	1.09e-73	243
lcl|NW_011934598.1_cds_XP_011447601.1_256	XP_030852217.1	67.296	159	52	0	847	1323	391	549	2.78e-71	242
lcl|NW_011934598.1_cds_XP_011448074.1_261	XP_791983.2	64.789	71	23	1	112	318	63	133	7.17e-23	98.6
lcl|NW_011934603.1_cds_XP_011449554.1_273	XP_786640.2	61.047	172	65	1	1	516	8	177	2.69e-64	196
lcl|NW_011934605.1_cds_XP_011450104.2_276	XP_030848122.1	44.231	156	74	2	1	429	87	242	1.48e-40	137
lcl|NW_011934605.1_cds_XP_011450226.1_277	XP_030836055.1	29.351	385	239	10	70	1137	436	816	9.46e-42	159
lcl|NW_011934605.1_cds_XP_019929033.1_278	XP_030839853.1	39.333	750	421	15	112	2283	752	1493	2.67e-157	496
lcl|NW_011934606.1_cds_XP_011450532.1_279	XP_030832015.1	28.629	496	285	17	904	2271	182	648	2.32e-38	153
lcl|NW_011934606.1_cds_XP_011450633.1_280	XP_030845776.1	28.695	812	523	25	1	2322	353	1146	8.28e-82	292
lcl|NW_011934608.1_cds_XP_011450935.1_281	XP_030832587.1	27.273	561	347	20	103	1662	51	591	9.30e-49	181
lcl|NW_011934612.1_cds_XP_019929820.1_299	XP_030828352.1	33.787	367	203	8	19	1074	31	372	1.39e-51	180
lcl|NW_011934612.1_cds_XP_011453378.1_302	XP_795501.3	39.672	305	169	6	391	1302	118	408	2.68e-59	201
lcl|NW_011934612.1_cds_XP_011453584.1_303	XP_783729.1	60.949	548	214	0	19	1662	15	562	0.0	716
lcl|NW_011934612.1_cds_XP_011453584.1_303	XP_783729.1	41.844	141	81	1	844	1266	432	571	9.81e-29	121
lcl|NW_011934612.1_cds_XP_011453703.1_304	NP_001091921.1	26.298	578	396	12	754	2460	3086	3642	8.48e-45	177
lcl|NW_011934612.1_cds_XP_011454490.1_305	NP_001091930.1	38.017	242	137	4	2545	3231	2330	2571	1.40e-36	152
lcl|NW_011934612.1_cds_XP_019930013.1_306	NP_001091930.1	29.350	1046	652	20	1852	4767	2310	3342	2.84e-119	421
lcl|NW_011934612.1_cds_XP_019930229.1_307	XP_030850203.1	40.854	164	96	1	328	816	81	244	3.25e-31	133
lcl|NW_011934612.1_cds_XP_011454856.2_308	XP_030831435.1	38.772	521	306	8	466	2001	83	599	2.78e-112	368
lcl|NW_011934612.1_cds_XP_011453923.1_309	XP_030838764.1	46.691	544	270	6	16	1599	10	549	5.49e-142	428
lcl|NW_011934612.1_cds_XP_011454046.1_310	XP_030852436.1	36.429	420	249	11	49	1275	22	434	2.48e-75	242
lcl|NW_011934613.1_cds_XP_011455453.1_319	XP_786957.3	43.318	217	114	4	28	651	224	440	5.11e-51	172
lcl|NW_011934613.1_cds_XP_011455453.1_319	XP_786957.3	42.365	203	111	4	55	651	27	227	3.35e-48	164
lcl|NW_011934620.1_cds_XP_011411860.1_336	XP_030830789.1	29.470	302	189	8	112	993	92	377	3.88e-30	122
lcl|NW_011934622.1_cds_XP_011412440.1_339	XP_030846061.1	48.889	405	200	3	1	1200	1	403	3.10e-123	363
lcl|NW_011934622.1_cds_XP_011412372.1_340	XP_030846061.1	48.889	405	200	3	1	1200	1	403	3.10e-123	363
lcl|NW_011934622.1_cds_XP_011412638.1_341	XP_030831666.1	28.990	307	185	9	19	897	4	291	1.27e-27	110
lcl|NW_011934622.1_cds_XP_019918314.1_342	XP_030829438.1	30.932	236	144	6	118	813	66	286	7.85e-21	92.8
lcl|NW_011934622.1_cds_XP_019918290.1_343	XP_030852067.1	35.813	363	221	6	253	1305	65	427	3.35e-67	221
lcl|NW_011934623.1_cds_XP_019918469.1_345	XP_030839038.1	51.515	99	48	0	7	303	934	1032	1.28e-27	114
lcl|NW_011934623.1_cds_XP_019918445.1_346	XP_030839038.1	51.515	99	48	0	7	303	934	1032	1.50e-27	114
lcl|NW_011934623.1_cds_XP_019918423.1_347	XP_030839038.1	51.515	99	48	0	7	303	934	1032	2.22e-27	115
lcl|NW_011934623.1_cds_XP_011413521.1_350	XP_030839038.1	51.988	1031	448	4	4	2970	7	1032	0.0	1118
lcl|NW_011934623.1_cds_XP_011413449.1_351	XP_030839038.1	51.988	1031	448	4	4	2970	7	1032	0.0	1117
lcl|NW_011934623.1_cds_XP_011413372.1_352	XP_030839038.1	51.988	1031	448	4	4	2970	7	1032	0.0	1118
lcl|NW_011934623.1_cds_XP_011413290.1_353	XP_030839038.1	51.988	1031	448	4	4	2970	7	1032	0.0	1119
lcl|NW_011934623.1_cds_XP_011413651.1_355	XP_030838920.1	69.286	140	43	0	1	420	1	140	5.90e-66	223
lcl|NW_011934623.1_cds_XP_011413651.1_355	XP_030838920.1	48.592	142	52	2	583	1008	221	341	3.99e-21	97.4
lcl|NW_011934623.1_cds_XP_011413723.1_356	XP_030838920.1	69.286	140	43	0	1	420	1	140	5.61e-66	222
lcl|NW_011934623.1_cds_XP_011413723.1_356	XP_030838920.1	53.600	125	51	2	583	948	221	341	8.96e-23	102
lcl|NW_011934623.1_cds_XP_011414040.2_358	XP_011682018.2	69.792	96	23	2	319	600	117	208	1.39e-37	133
lcl|NW_011934623.1_cds_XP_019918854.1_359	XP_003725465.2	67.078	1376	434	6	70	4140	14	1389	0.0	1969
lcl|NW_011934623.1_cds_XP_011414455.1_361	XP_030852103.1	36.585	574	323	7	1	1644	1	559	1.84e-108	339
lcl|NW_011934623.1_cds_XP_011414571.1_362	XP_030852722.1	59.113	631	250	3	1	1875	1	629	0.0	641
lcl|NW_011934623.1_cds_XP_011414571.1_362	XP_030852722.1	43.008	472	230	8	4477	5778	1527	1997	8.93e-98	352
lcl|NW_011934623.1_cds_XP_011414571.1_362	XP_030852722.1	60.194	206	73	2	3208	3825	1099	1295	3.57e-66	250
lcl|NW_011934623.1_cds_XP_011414571.1_362	XP_030852722.1	45.146	206	99	3	2209	2793	756	958	6.40e-42	171
lcl|NW_011934623.1_cds_XP_011414730.1_363	XP_030852720.1	59.113	631	250	3	1	1875	1	629	0.0	642
lcl|NW_011934623.1_cds_XP_011414730.1_363	XP_030852720.1	43.008	472	230	8	4462	5763	1530	2000	7.91e-98	353
lcl|NW_011934623.1_cds_XP_011414730.1_363	XP_030852720.1	60.194	206	73	2	3193	3810	1111	1307	2.83e-66	250
lcl|NW_011934623.1_cds_XP_011414730.1_363	XP_030852720.1	45.146	206	99	3	2194	2778	756	958	4.66e-42	171
lcl|NW_011934623.1_cds_XP_011414807.1_364	XP_030852720.1	59.113	631	250	3	1	1875	1	629	0.0	642
lcl|NW_011934623.1_cds_XP_011414807.1_364	XP_030852720.1	43.008	472	230	8	4423	5724	1530	2000	7.42e-98	353
lcl|NW_011934623.1_cds_XP_011414807.1_364	XP_030852720.1	60.194	206	73	2	3154	3771	1111	1307	2.85e-66	250
lcl|NW_011934623.1_cds_XP_011414807.1_364	XP_030852720.1	45.146	206	99	3	2155	2739	756	958	5.23e-42	171
lcl|NW_011934623.1_cds_XP_011414644.1_365	XP_030852722.1	59.300	629	250	2	1	1869	1	629	0.0	646
lcl|NW_011934623.1_cds_XP_011414644.1_365	XP_030852722.1	43.008	472	230	8	4471	5772	1527	1997	1.09e-97	352
lcl|NW_011934623.1_cds_XP_011414644.1_365	XP_030852722.1	60.194	206	73	2	3202	3819	1099	1295	3.68e-66	250
lcl|NW_011934623.1_cds_XP_011414644.1_365	XP_030852722.1	45.146	206	99	3	2203	2787	756	958	6.39e-42	171
lcl|NW_011934623.1_cds_XP_011414901.2_366	XP_030852081.1	41.469	885	513	4	205	2850	138	1020	0.0	683
lcl|NW_011934624.1_cds_XP_011415373.1_371	XP_011662833.1	52.128	188	85	2	211	759	178	365	1.90e-57	199
lcl|NW_011934624.1_cds_XP_011415490.1_372	XP_030828015.1	55.019	269	100	3	100	891	18	270	5.06e-63	216
lcl|NW_011934624.1_cds_XP_011415566.1_373	XP_030828015.1	55.019	269	100	3	100	891	18	270	4.76e-63	216
lcl|NW_011934624.1_cds_XP_011415954.1_374	XP_030828015.1	55.019	269	100	3	100	891	18	270	1.24e-63	216
lcl|NW_011934624.1_cds_XP_011415725.1_375	XP_030828015.1	55.019	269	100	3	100	891	18	270	4.56e-63	216
lcl|NW_011934624.1_cds_XP_011415801.1_376	XP_030828015.1	55.019	269	100	3	100	891	18	270	4.29e-63	216
lcl|NW_011934624.1_cds_XP_011416030.1_377	XP_030828015.1	55.019	269	100	3	100	891	18	270	1.02e-63	216
lcl|NW_011934624.1_cds_XP_011415641.1_378	XP_030828015.1	52.045	269	102	2	100	873	18	270	5.74e-63	216
lcl|NW_011934624.1_cds_XP_011415879.1_379	XP_030828015.1	57.522	226	80	1	121	798	61	270	1.55e-62	214
lcl|NW_011934630.1_cds_XP_011417070.1_393	XP_030841721.1	79.446	866	178	0	13	2610	13	878	0.0	1217
lcl|NW_011934630.1_cds_XP_011417180.1_394	XP_030846809.1	43.279	305	157	8	163	1059	67	361	2.73e-72	229
lcl|NW_011934630.1_cds_XP_011417265.1_395	XP_030846809.1	43.279	305	157	8	163	1059	67	361	2.73e-72	229
lcl|NW_011934630.1_cds_XP_019919957.1_396	XP_001199776.1	33.871	310	191	6	16	909	175	482	7.21e-52	179
lcl|NW_011934630.1_cds_XP_011417379.1_397	XP_001199776.1	33.871	310	191	6	16	909	175	482	7.21e-52	179
lcl|NW_011934630.1_cds_XP_019920100.1_399	XP_783666.1	55.414	157	69	1	25	492	14	170	4.19e-59	182
lcl|NW_011934630.1_cds_XP_011417860.1_400	XP_783666.1	55.414	157	69	1	25	492	14	170	4.19e-59	182
lcl|NW_011934630.1_cds_XP_011417931.1_401	XP_783666.1	55.556	135	59	1	13	414	36	170	5.19e-50	158
lcl|NW_011934630.1_cds_XP_011417566.1_402	XP_783666.1	55.414	157	69	1	28	495	14	170	4.85e-59	182
lcl|NW_011934630.1_cds_XP_011417491.1_403	XP_783666.1	57.325	157	66	1	28	495	14	170	2.89e-61	188
lcl|NW_011934630.1_cds_XP_011417648.1_404	XP_783666.1	57.325	157	66	1	28	495	14	170	2.89e-61	188
lcl|NW_011934630.1_cds_XP_011418025.1_405	XP_791628.1	46.000	150	80	1	1	447	1	150	3.54e-45	148
lcl|NW_011934630.1_cds_XP_011418143.1_407	XP_030841503.1	34.118	340	186	8	151	1092	163	490	4.62e-44	159
lcl|NW_011934630.1_cds_XP_011418266.1_408	XP_003723826.1	34.579	642	397	10	46	1926	11	644	1.25e-115	360
lcl|NW_011934630.1_cds_XP_011418381.1_409	XP_780720.2	53.103	435	182	5	22	1269	4	435	1.35e-161	462
lcl|NW_011934630.1_cds_XP_011418503.1_410	XP_797923.4	29.307	505	298	15	109	1482	24	516	3.63e-52	186
lcl|NW_011934630.1_cds_XP_011418607.1_411	XP_030841408.1	66.694	1207	397	1	1	3606	1	1207	0.0	1595
lcl|NW_011934630.1_cds_XP_019920317.1_412	XP_030841408.1	63.996	1086	386	1	1	3243	122	1207	0.0	1356
lcl|NW_011934630.1_cds_XP_011418828.1_413	XP_788310.1	38.376	271	147	9	13	798	3	262	1.25e-49	166
lcl|NW_011934630.1_cds_XP_011418718.1_414	XP_003725684.1	38.971	272	153	6	25	819	109	374	1.28e-37	137
lcl|NW_011934630.1_cds_XP_019920408.1_415	XP_788651.1	38.750	160	86	3	22	474	6	162	3.77e-40	134
lcl|NW_011934631.1_cds_XP_019920695.1_416	XP_794587.4	50.220	227	109	3	22	699	116	339	2.59e-73	227
lcl|NW_011934631.1_cds_XP_019920574.1_417	XP_786790.3	38.043	460	276	5	94	1446	61	520	1.36e-99	311
lcl|NW_011934631.1_cds_XP_011419705.1_418	XP_786790.3	38.043	460	276	5	94	1446	61	520	1.36e-99	311
lcl|NW_011934631.1_cds_XP_011419783.1_419	XP_786790.3	38.043	460	276	5	94	1446	61	520	1.36e-99	311
lcl|NW_011934631.1_cds_XP_011419859.1_420	XP_786790.3	38.043	460	276	5	94	1446	61	520	1.36e-99	311
lcl|NW_011934631.1_cds_XP_011419936.1_421	XP_786790.3	38.043	460	276	5	94	1446	61	520	1.36e-99	311
lcl|NW_011934631.1_cds_XP_011420013.1_422	XP_786790.3	38.043	460	276	5	94	1446	61	520	1.36e-99	311
lcl|NW_011934631.1_cds_XP_011420079.1_423	XP_786790.3	38.043	460	276	5	94	1446	61	520	1.36e-99	311
lcl|NW_011934631.1_cds_XP_011419183.1_424	XP_786790.3	35.208	480	265	5	295	1653	61	521	5.86e-98	309
lcl|NW_011934631.1_cds_XP_011419256.1_425	XP_786790.3	35.699	479	264	6	109	1467	61	521	1.04e-98	309
lcl|NW_011934632.1_cds_XP_011421092.1_433	XP_030848922.1	36.129	465	270	10	130	1473	50	504	2.40e-91	288
lcl|NW_011934632.1_cds_XP_019920881.1_434	XP_030848922.1	36.129	465	270	10	130	1473	50	504	1.02e-91	289
lcl|NW_011934632.1_cds_XP_011421465.1_435	XP_030829763.1	53.933	445	203	2	19	1350	3	446	4.75e-159	458
lcl|NW_011934632.1_cds_XP_019920981.1_437	XP_030829763.1	39.196	199	121	0	1	597	248	446	3.12e-30	116
lcl|NW_011934632.1_cds_XP_019921046.1_439	XP_011677266.1	44.654	159	84	3	31	504	18	173	5.77e-43	141
lcl|NW_011934632.1_cds_XP_011421553.1_440	XP_011677266.1	44.654	159	84	3	31	504	18	173	5.77e-43	141
lcl|NW_011934632.1_cds_XP_011421657.1_441	XP_030844717.1	38.404	401	223	8	3052	4209	874	1265	4.16e-60	230
lcl|NW_011934632.1_cds_XP_011421722.1_442	XP_030844717.1	38.404	401	223	8	2353	3510	874	1265	2.12e-60	231
lcl|NW_011934632.1_cds_XP_011421984.1_443	XP_030845399.1	35.560	509	290	7	1537	2973	754	1254	7.82e-92	320
lcl|NW_011934632.1_cds_XP_011421827.1_444	XP_030845397.1	35.125	521	293	8	1537	3024	772	1272	3.34e-90	316
lcl|NW_011934632.1_cds_XP_011421904.1_445	XP_030845397.1	35.125	521	293	8	1537	3024	772	1272	3.34e-90	316
lcl|NW_011934632.1_cds_XP_011422087.1_446	XP_030845498.1	79.861	144	29	0	10	441	5	148	1.05e-82	240
lcl|NW_011934632.1_cds_XP_011422159.1_447	XP_030845498.1	79.861	144	29	0	10	441	5	148	1.05e-82	240
lcl|NW_011934632.1_cds_XP_011422686.1_453	XP_030838500.1	58.310	710	267	10	85	2136	37	743	0.0	855
lcl|NW_011934632.1_cds_XP_011423000.1_454	XP_030845378.1	41.908	346	193	5	52	1080	33	373	3.13e-79	248
lcl|NW_011934632.1_cds_XP_011423230.2_456	XP_030851973.1	50.148	337	153	6	7	1008	119	443	1.50e-103	311
lcl|NW_011934633.1_cds_XP_011423802.1_458	XP_030829847.1	57.658	111	46	1	2380	2709	162	272	1.67e-35	143
lcl|NW_011934633.1_cds_XP_011423897.2_459	XP_030840705.1	34.758	351	224	4	391	1434	138	486	1.98e-65	219
lcl|NW_011934633.1_cds_XP_011423906.1_461	XP_030845384.1	37.358	265	150	5	1249	2004	32	293	3.77e-54	191
lcl|NW_011934633.1_cds_XP_011423914.1_462	XP_030845384.1	37.358	265	150	5	1186	1941	32	293	2.77e-54	191
lcl|NW_011934633.1_cds_XP_011423920.1_463	XP_030845384.1	37.358	265	150	5	1132	1887	32	293	2.10e-54	191
lcl|NW_011934633.1_cds_XP_011423927.1_464	XP_030845384.1	37.358	265	150	5	1069	1824	32	293	1.49e-54	191
lcl|NW_011934633.1_cds_XP_011423935.1_465	XP_030845384.1	37.358	265	150	5	976	1731	32	293	8.68e-55	191
lcl|NW_011934633.1_cds_XP_011423950.1_466	XP_030856314.1	29.752	242	151	3	994	1695	237	467	6.31e-29	121
lcl|NW_011934633.1_cds_XP_011423976.1_467	XP_030831131.1	44.805	308	122	7	10	789	10	317	2.33e-76	235
lcl|NW_011934633.1_cds_XP_011423965.1_468	XP_030831131.1	44.805	308	123	7	10	792	10	317	1.78e-76	236
lcl|NW_011934633.1_cds_XP_011423989.1_469	XP_030847979.1	37.569	362	198	12	985	2028	370	717	3.80e-65	235
lcl|NW_011934633.1_cds_XP_011423996.1_470	XP_030830910.1	37.569	362	198	12	976	2019	370	717	6.10e-65	234
lcl|NW_011934633.1_cds_XP_011424006.1_471	XP_030847979.1	37.569	362	198	12	973	2016	370	717	3.54e-65	235
lcl|NW_011934633.1_cds_XP_011424015.1_472	XP_030847979.1	37.569	362	198	12	973	2016	370	717	3.54e-65	235
lcl|NW_011934633.1_cds_XP_019921759.1_473	XP_030844431.1	47.826	414	209	2	496	1719	203	615	4.09e-119	368
lcl|NW_011934633.1_cds_XP_011424028.1_474	XP_030844431.1	48.309	414	207	2	496	1719	203	615	1.45e-119	369
lcl|NW_011934633.1_cds_XP_011424052.1_475	XP_030847897.1	58.333	492	193	5	1	1452	1	488	0.0	598
lcl|NW_011934633.1_cds_XP_011424052.1_475	XP_030847897.1	41.040	346	191	4	2080	3102	656	993	1.40e-82	290
lcl|NW_011934633.1_cds_XP_019921769.1_476	XP_030847081.1	45.814	3392	1629	72	4	9813	3	3307	0.0	2672
lcl|NW_011934633.1_cds_XP_019921769.1_476	XP_030847081.1	46.189	866	415	11	10957	13419	3551	4410	0.0	737
lcl|NW_011934637.1_cds_XP_011424151.1_485	XP_030838931.1	47.033	455	238	2	1069	2424	373	827	6.29e-151	463
lcl|NW_011934637.1_cds_XP_019921804.1_486	XP_030838666.1	55.894	263	106	1	1	759	15	277	2.02e-104	308
lcl|NW_011934637.1_cds_XP_019921822.1_490	XP_030831439.1	44.213	1054	529	14	28	3087	34	1062	0.0	778
lcl|NW_011934637.1_cds_XP_019921828.1_491	XP_030831439.1	44.990	1038	528	13	28	3039	34	1062	0.0	790
lcl|NW_011934637.1_cds_XP_011424243.1_492	XP_030831439.1	44.213	1054	529	14	28	3087	34	1062	0.0	778
lcl|NW_011934637.1_cds_XP_019921823.1_493	XP_030831439.1	44.307	1054	527	14	28	3084	34	1062	0.0	778
lcl|NW_011934637.1_cds_XP_011424229.1_494	XP_030855021.1	41.491	805	398	18	97	2445	102	855	0.0	610
lcl|NW_011934637.1_cds_XP_011424185.1_495	XP_030830949.1	67.314	618	196	2	136	1971	39	656	0.0	874
lcl|NW_011934637.1_cds_XP_011424195.1_496	XP_030830948.1	67.314	618	196	2	115	1950	52	669	0.0	874
lcl|NW_011934637.1_cds_XP_011424204.1_497	XP_030830949.1	69.303	531	157	2	4	1578	126	656	0.0	768
lcl|NW_011934637.1_cds_NP_001292222.1_498	XP_030830949.1	57.680	612	248	6	94	1902	49	658	0.0	749
lcl|NW_011934637.1_cds_XP_011424358.2_501	XP_030842610.1	34.489	519	277	13	1	1464	23	509	1.22e-89	285
lcl|NW_011934637.1_cds_XP_011424371.2_502	XP_030842610.1	34.489	519	277	13	1	1464	23	509	8.30e-90	286
lcl|NW_011934637.1_cds_XP_011424307.2_503	XP_030842610.1	33.205	518	286	12	1	1515	23	493	6.30e-86	277
lcl|NW_011934637.1_cds_XP_011424314.2_504	XP_030842610.1	33.205	518	286	12	1	1515	23	493	5.65e-86	277
lcl|NW_011934637.1_cds_XP_011424335.2_505	XP_030842610.1	34.297	519	289	12	1	1497	23	509	8.32e-90	286
lcl|NW_011934637.1_cds_XP_011424329.2_506	XP_030842610.1	34.043	517	297	11	1	1518	23	506	1.74e-91	291
lcl|NW_011934637.1_cds_XP_011424363.2_507	XP_030842610.1	34.104	519	278	12	1	1461	23	509	1.96e-88	282
lcl|NW_011934637.1_cds_XP_011424322.2_508	XP_030842610.1	33.792	509	286	11	1	1488	23	493	7.56e-89	284
lcl|NW_011934637.1_cds_XP_011424342.2_509	XP_030842610.1	33.205	518	286	12	1	1515	23	493	3.35e-86	277
lcl|NW_011934637.1_cds_XP_011424350.2_510	XP_030842610.1	33.205	518	286	12	1	1515	23	493	2.99e-86	277
lcl|NW_011934637.1_cds_XP_011424392.1_511	XP_792799.3	72.897	107	29	0	1147	1467	591	697	4.10e-45	170
lcl|NW_011934637.1_cds_XP_011424811.1_512	XP_011677216.1	44.628	121	67	0	103	465	59	179	1.13e-29	112
lcl|NW_011934637.1_cds_XP_011424405.1_513	XP_792799.3	72.034	118	31	1	1	354	690	805	2.45e-55	190
lcl|NW_011934639.1_cds_XP_011424858.1_571	XP_796235.4	48.302	530	268	5	67	1644	43	570	5.63e-128	408
lcl|NW_011934641.1_cds_XP_011424932.2_573	XP_030830331.1	46.377	138	54	5	34	402	820	952	1.65e-30	115
lcl|NW_011934642.1_cds_XP_011425021.1_582	XP_030839714.1	47.748	111	55	2	583	909	1345	1454	2.01e-27	113
lcl|NW_011934642.1_cds_XP_011425021.1_582	XP_030839714.1	45.000	120	63	2	571	924	2896	3014	2.28e-25	107
lcl|NW_011934642.1_cds_XP_011425021.1_582	XP_030839714.1	47.059	102	52	1	586	885	2958	3059	1.11e-23	102
lcl|NW_011934642.1_cds_XP_011425021.1_582	XP_030839714.1	50.476	105	47	3	589	888	1462	1566	6.92e-23	100
lcl|NW_011934642.1_cds_XP_011425021.1_582	XP_030839714.1	42.453	106	55	2	580	879	3229	3334	3.34e-21	95.5
lcl|NW_011934642.1_cds_XP_011425033.1_583	XP_030849478.1	35.041	1093	652	32	1639	4824	1	1066	3.68e-140	477
lcl|NW_011934642.1_cds_XP_011425033.1_583	XP_030849478.1	35.466	1063	641	33	1825	4893	582	1639	1.95e-138	472
lcl|NW_011934642.1_cds_XP_011425033.1_583	XP_030849478.1	35.912	1047	627	30	1837	4890	25	1056	2.53e-137	468
lcl|NW_011934642.1_cds_XP_011425033.1_583	XP_030849478.1	34.468	1146	666	35	1666	4890	441	1572	5.34e-136	464
lcl|NW_011934642.1_cds_XP_011425033.1_583	XP_030849478.1	34.358	1106	624	35	1825	4890	615	1702	1.87e-130	449
lcl|NW_011934642.1_cds_XP_011425033.1_583	XP_030849478.1	34.535	1054	607	38	1825	4812	714	1742	1.20e-124	432
lcl|NW_011934642.1_cds_XP_011425033.1_583	XP_030849478.1	34.805	793	481	23	2575	4890	15	792	2.18e-103	367
lcl|NW_011934642.1_cds_XP_011425033.1_583	XP_030849478.1	34.887	794	449	24	1825	4041	978	1758	1.25e-92	334
lcl|NW_011934642.1_cds_XP_011425033.1_583	XP_030849478.1	34.665	701	429	18	2836	4890	6	693	2.92e-87	317
lcl|NW_011934642.1_cds_XP_011425033.1_583	XP_030849478.1	34.072	722	426	22	1819	3849	1042	1758	9.85e-80	293
lcl|NW_011934643.1_cds_XP_011425069.1_588	XP_030848269.1	23.678	397	263	8	46	1131	28	419	2.35e-33	129
lcl|NW_011934643.1_cds_XP_011425101.1_591	XP_030828234.1	58.427	445	175	5	1	1326	1	438	7.96e-158	467
lcl|NW_011934643.1_cds_XP_019922136.1_592	XP_798924.4	54.783	115	52	0	766	1110	352	466	2.55e-46	145
lcl|NW_011934643.1_cds_XP_019922136.1_592	XP_798924.4	44.262	61	34	0	1089	1271	480	540	2.55e-46	59.7
lcl|NW_011934643.1_cds_XP_011425112.1_593	XP_798924.4	51.323	189	92	0	766	1332	352	540	5.14e-65	219
lcl|NW_011934643.1_cds_XP_019922101.1_598	XP_030841615.1	45.763	118	63	1	13	366	960	1076	2.19e-22	92.0
lcl|NW_011934643.1_cds_XP_011425210.1_600	XP_030828342.1	31.658	199	118	5	1	582	1055	1240	2.28e-24	102
lcl|NW_011934643.1_cds_XP_011425222.1_601	XP_003728118.2	37.143	245	145	5	604	1314	63	306	3.41e-43	157
lcl|NW_011934643.1_cds_XP_011425234.2_602	XP_011681272.1	42.248	258	131	6	220	960	5	255	3.54e-64	204
lcl|NW_011934643.1_cds_XP_011425437.1_603	XP_796984.1	44.153	419	228	4	16	1257	11	428	3.36e-131	387
lcl|NW_011934643.1_cds_XP_011425242.1_604	XP_030855518.1	56.377	690	278	7	16	2055	34	710	0.0	671
lcl|NW_011934643.1_cds_XP_011425280.1_607	NP_001229616.1	90.865	416	38	0	76	1323	28	443	0.0	777
lcl|NW_011934643.1_cds_XP_011425291.1_608	XP_030854381.1	46.970	330	169	5	169	1149	76	402	3.81e-107	326
lcl|NW_011934643.1_cds_XP_011425315.1_609	XP_030854642.1	29.846	583	352	16	19	1701	21	568	1.49e-78	259
lcl|NW_011934643.1_cds_XP_011425299.1_610	XP_030854642.1	29.730	592	350	16	19	1728	21	568	4.35e-78	258
lcl|NW_011934643.1_cds_XP_011425306.1_611	XP_030854642.1	29.831	590	345	16	19	1707	21	568	1.47e-77	256
lcl|NW_011934643.1_cds_XP_011425340.1_612	XP_030854642.1	30.382	576	331	15	19	1620	21	568	8.68e-78	256
lcl|NW_011934643.1_cds_XP_011425320.1_613	XP_030854642.1	30.293	581	350	15	19	1695	21	568	1.79e-81	266
lcl|NW_011934643.1_cds_XP_011425360.1_614	XP_030854646.1	31.627	547	329	14	19	1587	21	546	1.07e-80	263
lcl|NW_011934643.1_cds_XP_011425329.1_615	XP_030854642.1	29.661	590	327	17	19	1650	21	568	2.53e-78	258
lcl|NW_011934643.1_cds_XP_011425351.1_616	XP_030854642.1	27.119	590	330	17	19	1614	21	568	8.83e-57	200
lcl|NW_011934643.1_cds_XP_011425368.1_617	XP_030854642.1	30.303	495	289	13	127	1545	108	568	4.28e-69	232
lcl|NW_011934643.1_cds_XP_019922116.1_621	XP_030854607.1	41.449	345	169	8	418	1437	246	562	2.68e-82	271
lcl|NW_011934644.1_cds_XP_011425479.2_622	XP_011672459.2	48.521	169	84	1	454	951	56	224	3.78e-49	164
lcl|NW_011934644.1_cds_XP_011425595.1_623	XP_011674798.1	33.700	273	168	4	493	1296	271	535	4.94e-41	163
lcl|NW_011934644.1_cds_XP_011425579.1_624	XP_011674798.1	33.700	273	168	4	517	1320	271	535	4.23e-41	163
lcl|NW_011934644.1_cds_XP_011425586.1_625	XP_011674798.1	33.700	273	168	4	514	1317	271	535	3.82e-41	164
lcl|NW_011934644.1_cds_XP_011425567.1_626	XP_011674798.1	33.700	273	168	4	535	1338	271	535	4.17e-41	163
lcl|NW_011934644.1_cds_XP_011425546.1_627	XP_011674798.1	33.700	273	168	4	559	1362	271	535	3.17e-41	164
lcl|NW_011934644.1_cds_XP_011425573.1_628	XP_011674798.1	33.700	273	168	4	520	1323	271	535	3.88e-41	164
lcl|NW_011934644.1_cds_XP_011425553.1_629	XP_011674798.1	33.700	273	168	4	541	1344	271	535	3.78e-41	164
lcl|NW_011934644.1_cds_XP_011425529.1_630	XP_011674798.1	33.700	273	168	4	565	1368	271	535	3.79e-41	164
lcl|NW_011934644.1_cds_XP_011425560.1_631	XP_011674798.1	33.700	273	168	4	541	1344	271	535	3.71e-41	164
lcl|NW_011934644.1_cds_XP_011425538.1_632	XP_011674798.1	33.700	273	168	4	562	1365	271	535	3.58e-41	164
lcl|NW_011934644.1_cds_XP_011425484.1_633	XP_011674798.1	33.700	273	168	4	586	1389	271	535	3.58e-41	164
lcl|NW_011934644.1_cds_XP_011425491.1_634	XP_011674798.1	33.700	273	168	4	586	1389	271	535	3.58e-41	164
lcl|NW_011934644.1_cds_XP_011425498.1_635	XP_011674798.1	33.700	273	168	4	586	1389	271	535	3.58e-41	164
lcl|NW_011934644.1_cds_XP_011425505.1_636	XP_011674798.1	33.700	273	168	4	586	1389	271	535	3.58e-41	164
lcl|NW_011934644.1_cds_XP_011425513.1_637	XP_011674798.1	33.700	273	168	4	586	1389	271	535	3.58e-41	164
lcl|NW_011934644.1_cds_XP_011425604.1_638	XP_011674798.1	33.700	273	168	4	346	1149	271	535	4.02e-41	163
lcl|NW_011934644.1_cds_XP_011425612.1_639	XP_011674798.1	33.700	273	168	4	232	1035	271	535	5.48e-41	162
lcl|NW_011934644.1_cds_XP_011425621.1_640	XP_011674798.1	33.700	273	168	4	232	1035	271	535	5.48e-41	162
lcl|NW_011934644.1_cds_XP_011425688.1_641	XP_011666026.1	37.987	308	188	3	130	1050	104	409	8.87e-64	224
lcl|NW_011934644.1_cds_XP_019922277.1_642	XP_011666026.1	37.987	308	188	3	130	1050	104	409	1.29e-63	224
lcl|NW_011934644.1_cds_XP_011425646.1_643	XP_011666026.1	37.987	308	188	3	130	1050	104	409	1.29e-63	224
lcl|NW_011934644.1_cds_XP_011425655.1_644	XP_011666026.1	37.987	308	188	3	130	1050	104	409	1.29e-63	224
lcl|NW_011934644.1_cds_XP_011425669.1_645	XP_011666026.1	37.987	308	188	3	130	1050	104	409	1.29e-63	224
lcl|NW_011934644.1_cds_XP_011425681.1_646	XP_011666026.1	37.987	308	188	3	130	1050	104	409	1.31e-63	224
lcl|NW_011934644.1_cds_XP_011425673.1_647	XP_011666026.1	37.987	308	188	3	130	1050	104	409	1.27e-63	224
lcl|NW_011934644.1_cds_XP_011425720.1_650	XP_030846583.1	51.325	415	196	4	22	1254	26	438	5.55e-156	449
lcl|NW_011934644.1_cds_XP_011425821.2_651	XP_030849345.1	43.018	623	327	8	103	1896	57	676	3.79e-170	501
lcl|NW_011934644.1_cds_XP_011425785.1_655	XP_030846452.1	65.000	360	121	1	37	1116	22	376	4.03e-151	469
lcl|NW_011934644.1_cds_XP_011425807.1_656	XP_030846452.1	65.000	360	121	1	37	1116	22	376	1.59e-154	469
lcl|NW_011934644.1_cds_XP_011425798.1_657	XP_030846452.1	65.000	360	121	1	37	1116	22	376	1.40e-151	469
lcl|NW_011934644.1_cds_XP_011425791.1_658	XP_030846452.1	65.000	360	121	1	37	1116	22	376	2.84e-151	469
lcl|NW_011934646.1_cds_XP_011425840.2_660	XP_030846220.1	46.207	435	221	6	1	1266	191	625	1.82e-113	347
lcl|NW_011934646.1_cds_XP_011425946.1_669	XP_030856089.1	47.104	259	124	3	1	777	134	379	3.54e-74	231
lcl|NW_011934646.1_cds_XP_019922332.1_670	XP_030849478.1	31.343	268	167	6	1370	2137	416	678	8.28e-26	115
lcl|NW_011934646.1_cds_XP_019922332.1_670	XP_030849478.1	31.343	268	167	6	1370	2137	944	1206	8.28e-26	115
lcl|NW_011934646.1_cds_XP_019922332.1_670	XP_030849478.1	33.990	203	121	2	1562	2140	1425	1624	1.44e-25	114
lcl|NW_011934646.1_cds_XP_019922332.1_670	XP_030849478.1	32.178	202	124	2	1562	2137	678	876	2.37e-22	104
lcl|NW_011934646.1_cds_XP_019922332.1_670	XP_030849478.1	32.275	189	102	2	1571	2137	582	744	7.50e-22	102
lcl|NW_011934646.1_cds_XP_019922332.1_670	XP_030849478.1	32.275	189	102	2	1571	2137	1110	1272	7.50e-22	102
lcl|NW_011934646.1_cds_XP_019922332.1_670	XP_030849478.1	31.771	192	105	2	1562	2137	1206	1371	2.00e-21	101
lcl|NW_011934646.1_cds_XP_019922338.1_671	XP_030849471.1	40.355	394	235	0	25	1206	87	480	1.24e-102	320
lcl|NW_011934646.1_cds_XP_019922338.1_671	XP_030849471.1	37.905	401	249	0	4	1206	146	546	2.13e-95	301
lcl|NW_011934646.1_cds_XP_019922338.1_671	XP_030849471.1	39.447	398	241	0	13	1206	17	414	3.95e-95	301
lcl|NW_011934646.1_cds_XP_019922338.1_671	XP_030849471.1	37.406	401	251	0	4	1206	179	579	3.03e-94	298
lcl|NW_011934646.1_cds_XP_019922338.1_671	XP_030849471.1	36.427	431	241	2	13	1206	248	678	6.24e-94	298
lcl|NW_011934646.1_cds_XP_019922338.1_671	XP_030849471.1	37.905	401	249	0	4	1206	212	612	1.67e-93	296
lcl|NW_011934646.1_cds_XP_019922338.1_671	XP_030849471.1	37.343	399	250	0	4	1200	311	709	1.02e-87	281
lcl|NW_011934646.1_cds_XP_019922338.1_671	XP_030849471.1	38.235	374	231	0	85	1206	8	381	1.22e-86	278
lcl|NW_011934647.1_cds_XP_011426079.1_672	XP_030847917.1	42.899	338	175	7	13	978	1499	1834	7.97e-67	231
lcl|NW_011934647.1_cds_XP_011425986.1_673	XP_011661108.2	44.217	977	479	14	31	2856	137	1082	0.0	763
lcl|NW_011934647.1_cds_XP_011425997.1_674	XP_011661108.2	44.490	971	479	14	31	2838	137	1082	0.0	766
lcl|NW_011934647.1_cds_XP_011426014.1_675	XP_011661108.2	44.778	967	478	14	31	2826	137	1082	0.0	768
lcl|NW_011934647.1_cds_XP_011426023.1_676	XP_011661108.2	45.057	961	478	13	31	2808	137	1082	0.0	776
lcl|NW_011934647.1_cds_XP_011426006.1_677	XP_011661108.2	44.536	970	479	14	31	2835	137	1082	0.0	764
lcl|NW_011934647.1_cds_XP_011425978.1_678	XP_003728180.2	39.697	330	160	18	532	1500	326	623	1.96e-42	164
lcl|NW_011934647.1_cds_XP_011425978.1_678	XP_003728180.2	36.145	332	169	17	532	1500	197	494	7.07e-33	135
lcl|NW_011934647.1_cds_XP_011425978.1_678	XP_003728180.2	35.168	327	184	17	532	1506	454	754	8.54e-30	126
lcl|NW_011934647.1_cds_XP_011425978.1_678	XP_003728180.2	33.766	385	170	19	526	1527	581	931	1.14e-26	116
lcl|NW_011934647.1_cds_XP_011425978.1_678	XP_003728180.2	33.234	337	175	16	532	1503	67	366	9.99e-26	113
lcl|NW_011934647.1_cds_XP_011425978.1_678	XP_003728180.2	34.409	279	162	14	673	1506	67	325	4.02e-23	105
lcl|NW_011934647.1_cds_XP_011425978.1_678	XP_003728180.2	29.899	398	229	20	532	1683	755	1116	7.12e-23	104
lcl|NW_011934647.1_cds_XP_011426047.1_681	XP_030828219.1	38.699	292	160	13	532	1401	492	766	1.36e-36	146
lcl|NW_011934647.1_cds_XP_011426047.1_681	XP_030828219.1	33.235	340	149	16	520	1362	128	448	2.50e-27	117
lcl|NW_011934647.1_cds_XP_011426047.1_681	XP_030828219.1	35.540	287	161	15	511	1362	313	578	3.19e-27	117
lcl|NW_011934648.1_cds_XP_019922393.1_684	XP_030833792.1	45.638	298	149	5	1	861	1463	1758	1.61e-68	247
lcl|NW_011934648.1_cds_XP_019922393.1_684	XP_030833792.1	45.172	290	144	5	1	834	1350	1636	3.12e-66	241
lcl|NW_011934648.1_cds_XP_019922393.1_684	XP_030833792.1	45.517	290	143	5	1	834	896	1182	7.93e-66	239
lcl|NW_011934648.1_cds_XP_019922393.1_684	XP_030833792.1	44.828	290	145	5	1	834	1123	1409	1.07e-65	239
lcl|NW_011934648.1_cds_XP_019922393.1_684	XP_030833792.1	44.444	288	148	4	1	834	783	1068	1.04e-63	233
lcl|NW_011934648.1_cds_XP_019922393.1_684	XP_030833792.1	43.003	293	154	5	1	846	1577	1867	6.34e-60	221
lcl|NW_011934648.1_cds_XP_019922393.1_684	XP_030833792.1	42.466	292	153	4	1	834	665	955	9.87e-58	215
lcl|NW_011934648.1_cds_XP_019922393.1_684	XP_030833792.1	42.662	293	147	4	1	834	556	842	6.49e-57	213
lcl|NW_011934648.1_cds_XP_019922393.1_684	XP_030833792.1	42.160	287	151	6	1	834	1799	2079	7.90e-50	191
lcl|NW_011934648.1_cds_XP_019922393.1_684	XP_030833792.1	43.192	213	114	3	214	834	513	724	4.74e-41	164
lcl|NW_011934648.1_cds_XP_011426116.1_686	XP_030841661.1	57.105	373	154	5	1222	2325	424	795	2.78e-133	415
lcl|NW_011934648.1_cds_XP_011426129.1_687	XP_030841703.1	60.377	265	93	3	22	789	4	265	1.01e-114	330
lcl|NW_011934648.1_cds_XP_011426140.1_688	XP_030842176.1	59.791	383	134	6	1	1110	1	376	8.43e-142	409
lcl|NW_011934648.1_cds_XP_011426155.1_689	XP_030841296.1	45.614	285	153	2	46	894	132	416	5.42e-86	267
lcl|NW_011934648.1_cds_XP_019922426.1_690	XP_011665501.1	48.837	258	131	1	55	825	158	415	4.96e-86	266
lcl|NW_011934648.1_cds_XP_011426165.1_691	XP_011665501.1	48.837	258	131	1	55	825	158	415	4.96e-86	266
lcl|NW_011934649.1_cds_XP_011426228.2_693	XP_030833148.1	42.795	229	124	3	67	741	15	240	1.42e-46	157
lcl|NW_011934649.1_cds_XP_011426260.1_695	XP_030832210.1	37.338	308	191	2	49	969	20	326	9.16e-70	223
lcl|NW_011934649.1_cds_XP_011426281.1_696	XP_030843139.1	31.487	343	226	2	106	1128	46	381	7.24e-47	165
lcl|NW_011934649.1_cds_XP_011426305.1_697	XP_030833213.1	26.821	302	203	5	7	879	4	298	2.65e-24	104
lcl|NW_011934652.1_cds_XP_019922512.1_704	XP_030837698.1	28.676	544	351	9	91	1623	13	552	7.82e-61	212
lcl|NW_011934652.1_cds_XP_011426435.1_705	XP_030837698.1	28.676	544	351	9	91	1623	13	552	7.82e-61	212
lcl|NW_011934652.1_cds_XP_011426447.1_706	XP_030833206.1	28.852	610	370	14	64	1737	11	608	5.98e-79	261
lcl|NW_011934652.1_cds_XP_011426465.1_707	XP_030833206.1	27.428	587	367	10	55	1665	11	588	3.68e-55	197
lcl|NW_011934652.1_cds_XP_011426476.1_708	XP_030833206.1	30.279	502	298	9	307	1683	102	594	2.30e-70	238
lcl|NW_011934652.1_cds_XP_011426495.1_709	XP_011671625.2	61.765	102	39	0	3	308	2	103	7.69e-38	125
lcl|NW_011934652.1_cds_XP_011426495.1_709	XP_011671625.2	61.765	102	39	0	3	308	40	141	1.06e-37	125
lcl|NW_011934652.1_cds_XP_011426495.1_709	XP_011671625.2	60.920	87	34	0	3	263	78	164	3.22e-30	106
lcl|NW_011934652.1_cds_XP_011426528.1_710	XP_011668570.1	39.167	360	191	9	4	1050	11	353	7.95e-74	239
lcl|NW_011934653.1_cds_XP_011426633.1_711	XP_030830257.1	47.809	1004	408	20	7	2724	514	1499	0.0	824
lcl|NW_011934653.1_cds_XP_011426550.1_712	XP_030830793.1	42.304	1033	491	21	82	2922	209	1222	0.0	749
lcl|NW_011934653.1_cds_XP_011426620.2_715	XP_030843202.1	41.111	450	237	9	34	1308	8	454	3.46e-98	313
lcl|NW_011934655.1_cds_XP_011426667.1_717	XP_030850282.1	40.104	384	222	8	37	1170	25	406	2.96e-104	318
lcl|NW_011934655.1_cds_XP_011426678.1_718	XP_030850282.1	42.400	375	212	4	91	1209	34	406	1.01e-107	328
lcl|NW_011934655.1_cds_XP_019922586.1_725	XP_030840207.1	53.704	432	183	5	58	1335	16	436	5.12e-154	463
lcl|NW_011934655.1_cds_XP_011426744.1_726	XP_030841128.1	56.091	706	269	14	220	2280	237	920	0.0	660
lcl|NW_011934655.1_cds_XP_011426778.1_728	XP_030827869.1	40.095	843	480	11	100	2601	1442	2268	0.0	594
lcl|NW_011934655.1_cds_XP_011426778.1_728	XP_030827869.1	27.160	891	537	22	109	2595	1011	1851	4.80e-76	272
lcl|NW_011934655.1_cds_XP_011426778.1_728	XP_030827869.1	26.860	860	586	19	115	2601	527	1374	1.02e-66	244
lcl|NW_011934655.1_cds_XP_011426778.1_728	XP_030827869.1	25.965	855	550	22	136	2598	339	1144	5.11e-61	227
lcl|NW_011934655.1_cds_XP_011426778.1_728	XP_030827869.1	24.661	884	580	27	61	2607	412	1244	2.35e-50	194
lcl|NW_011934655.1_cds_XP_011426778.1_728	XP_030827869.1	23.330	913	563	28	103	2598	717	1573	9.93e-46	179
lcl|NW_011934655.1_cds_XP_011426778.1_728	XP_030827869.1	28.889	495	306	12	1153	2604	298	757	2.14e-41	166
lcl|NW_011934655.1_cds_XP_011426778.1_728	XP_030827869.1	28.977	352	223	9	79	1086	908	1248	5.47e-28	123
lcl|NW_011934655.1_cds_XP_011426778.1_728	XP_030827869.1	25.786	477	297	13	61	1350	1800	2266	1.14e-27	122
lcl|NW_011934655.1_cds_XP_011426822.1_729	XP_030827869.1	40.403	844	476	13	73	2574	1442	2268	0.0	594
lcl|NW_011934655.1_cds_XP_011426822.1_729	XP_030827869.1	27.160	891	537	22	82	2568	1011	1851	4.40e-76	272
lcl|NW_011934655.1_cds_XP_011426822.1_729	XP_030827869.1	26.810	884	556	22	88	2574	527	1374	5.57e-67	245
lcl|NW_011934655.1_cds_XP_011426822.1_729	XP_030827869.1	25.965	855	550	22	109	2571	339	1144	4.65e-61	227
lcl|NW_011934655.1_cds_XP_011426822.1_729	XP_030827869.1	24.943	882	568	29	52	2580	418	1244	2.48e-50	194
lcl|NW_011934655.1_cds_XP_011426822.1_729	XP_030827869.1	23.330	913	563	28	76	2571	717	1573	1.08e-45	179
lcl|NW_011934655.1_cds_XP_011426822.1_729	XP_030827869.1	28.889	495	306	12	1126	2577	298	757	1.71e-41	166
lcl|NW_011934655.1_cds_XP_011426822.1_729	XP_030827869.1	28.977	352	223	9	52	1059	908	1248	4.11e-28	123
lcl|NW_011934655.1_cds_XP_011426847.1_730	XP_030827869.1	40.240	835	482	10	31	2508	1442	2268	0.0	597
lcl|NW_011934655.1_cds_XP_011426847.1_730	XP_030827869.1	27.160	891	529	22	40	2502	1011	1851	2.38e-76	273
lcl|NW_011934655.1_cds_XP_011426847.1_730	XP_030827869.1	26.697	884	549	22	46	2508	527	1374	5.27e-66	241
lcl|NW_011934655.1_cds_XP_011426847.1_730	XP_030827869.1	25.848	855	543	22	67	2505	339	1144	6.46e-61	226
lcl|NW_011934655.1_cds_XP_011426847.1_730	XP_030827869.1	24.886	880	563	28	10	2514	418	1244	1.73e-50	194
lcl|NW_011934655.1_cds_XP_011426847.1_730	XP_030827869.1	23.549	913	553	30	34	2505	717	1573	1.36e-45	179
lcl|NW_011934655.1_cds_XP_011426847.1_730	XP_030827869.1	28.889	495	306	12	1060	2511	298	757	1.42e-41	166
lcl|NW_011934655.1_cds_XP_011426847.1_730	XP_030827869.1	29.191	346	222	9	10	993	908	1248	1.34e-27	121
lcl|NW_011934655.1_cds_XP_019922594.1_731	XP_030827869.1	40.095	843	479	12	31	2529	1442	2268	0.0	590
lcl|NW_011934655.1_cds_XP_019922594.1_731	XP_030827869.1	27.191	890	537	22	40	2523	1011	1851	5.32e-76	271
lcl|NW_011934655.1_cds_XP_019922594.1_731	XP_030827869.1	25.896	865	587	20	46	2529	527	1374	5.62e-66	241
lcl|NW_011934655.1_cds_XP_019922594.1_731	XP_030827869.1	26.199	855	547	22	67	2526	339	1144	3.64e-61	227
lcl|NW_011934655.1_cds_XP_019922594.1_731	XP_030827869.1	25.000	880	569	29	10	2535	418	1244	4.06e-50	193
lcl|NW_011934655.1_cds_XP_019922594.1_731	XP_030827869.1	23.439	913	561	29	34	2526	717	1573	4.11e-45	177
lcl|NW_011934655.1_cds_XP_019922594.1_731	XP_030827869.1	28.687	495	306	12	1084	2532	298	757	1.95e-41	166
lcl|NW_011934655.1_cds_XP_019922594.1_731	XP_030827869.1	28.977	352	223	9	10	1017	908	1248	5.24e-28	123
lcl|NW_011934655.1_cds_XP_019922596.1_732	XP_030827869.1	40.405	839	478	11	31	2517	1442	2268	0.0	600
lcl|NW_011934655.1_cds_XP_019922596.1_732	XP_030827869.1	27.540	886	535	22	40	2511	1011	1851	1.28e-77	276
lcl|NW_011934655.1_cds_XP_019922596.1_732	XP_030827869.1	27.526	861	574	22	46	2517	527	1374	2.33e-68	249
lcl|NW_011934655.1_cds_XP_019922596.1_732	XP_030827869.1	26.235	850	549	22	67	2514	339	1144	4.31e-62	229
lcl|NW_011934655.1_cds_XP_019922596.1_732	XP_030827869.1	25.029	875	571	28	10	2523	418	1244	7.31e-51	195
lcl|NW_011934655.1_cds_XP_019922596.1_732	XP_030827869.1	23.458	908	563	28	34	2514	717	1573	2.10e-46	181
lcl|NW_011934655.1_cds_XP_019922596.1_732	XP_030827869.1	29.184	490	306	12	1084	2520	298	757	3.48e-42	168
lcl|NW_011934655.1_cds_XP_019922596.1_732	XP_030827869.1	28.977	352	223	9	10	1017	908	1248	4.03e-28	123
lcl|NW_011934655.1_cds_XP_011426831.1_733	XP_030827869.1	40.095	843	480	11	31	2532	1442	2268	0.0	594
lcl|NW_011934655.1_cds_XP_011426831.1_733	XP_030827869.1	27.160	891	537	22	40	2526	1011	1851	4.85e-76	272
lcl|NW_011934655.1_cds_XP_011426831.1_733	XP_030827869.1	26.860	860	586	19	46	2532	527	1374	5.42e-67	244
lcl|NW_011934655.1_cds_XP_011426831.1_733	XP_030827869.1	25.965	855	550	22	67	2529	339	1144	4.16e-61	227
lcl|NW_011934655.1_cds_XP_011426831.1_733	XP_030827869.1	24.886	880	571	28	10	2538	418	1244	2.04e-50	194
lcl|NW_011934655.1_cds_XP_011426831.1_733	XP_030827869.1	23.330	913	563	28	34	2529	717	1573	1.13e-45	179
lcl|NW_011934655.1_cds_XP_011426831.1_733	XP_030827869.1	28.889	495	306	12	1084	2535	298	757	1.30e-41	166
lcl|NW_011934655.1_cds_XP_011426831.1_733	XP_030827869.1	28.977	352	223	9	10	1017	908	1248	4.62e-28	123
lcl|NW_011934655.1_cds_XP_011426838.1_734	XP_030827869.1	40.095	843	480	11	31	2532	1442	2268	0.0	594
lcl|NW_011934655.1_cds_XP_011426838.1_734	XP_030827869.1	27.160	891	537	22	40	2526	1011	1851	4.85e-76	272
lcl|NW_011934655.1_cds_XP_011426838.1_734	XP_030827869.1	26.860	860	586	19	46	2532	527	1374	5.42e-67	244
lcl|NW_011934655.1_cds_XP_011426838.1_734	XP_030827869.1	25.965	855	550	22	67	2529	339	1144	4.16e-61	227
lcl|NW_011934655.1_cds_XP_011426838.1_734	XP_030827869.1	24.886	880	571	28	10	2538	418	1244	2.04e-50	194
lcl|NW_011934655.1_cds_XP_011426838.1_734	XP_030827869.1	23.330	913	563	28	34	2529	717	1573	1.13e-45	179
lcl|NW_011934655.1_cds_XP_011426838.1_734	XP_030827869.1	28.889	495	306	12	1084	2535	298	757	1.30e-41	166
lcl|NW_011934655.1_cds_XP_011426838.1_734	XP_030827869.1	28.977	352	223	9	10	1017	908	1248	4.62e-28	123
lcl|NW_011934655.1_cds_XP_019922592.1_735	XP_030827869.1	40.380	842	478	12	31	2529	1442	2268	0.0	596
lcl|NW_011934655.1_cds_XP_019922592.1_735	XP_030827869.1	27.191	890	537	22	40	2523	1011	1851	8.53e-76	271
lcl|NW_011934655.1_cds_XP_019922592.1_735	XP_030827869.1	27.346	863	577	22	46	2529	527	1374	1.51e-67	246
lcl|NW_011934655.1_cds_XP_019922592.1_735	XP_030827869.1	25.995	854	550	22	67	2526	339	1144	6.34e-62	229
lcl|NW_011934655.1_cds_XP_019922592.1_735	XP_030827869.1	24.972	881	568	29	10	2535	418	1244	1.78e-50	194
lcl|NW_011934655.1_cds_XP_019922592.1_735	XP_030827869.1	23.465	912	562	28	34	2526	717	1573	1.01e-46	182
lcl|NW_011934655.1_cds_XP_019922592.1_735	XP_030827869.1	28.947	494	306	12	1084	2532	298	757	1.24e-41	166
lcl|NW_011934655.1_cds_XP_019922592.1_735	XP_030827869.1	27.473	455	257	11	1372	2532	1305	1754	7.38e-38	154
lcl|NW_011934655.1_cds_XP_019922592.1_735	XP_030827869.1	28.977	352	223	9	10	1017	908	1248	4.05e-28	123
lcl|NW_011934655.1_cds_XP_019922618.1_738	XP_011671010.2	39.526	253	145	3	820	1563	286	535	3.56e-53	196
lcl|NW_011934655.1_cds_XP_019922621.1_739	XP_011671010.2	39.526	253	145	3	751	1494	286	535	2.16e-53	196
lcl|NW_011934655.1_cds_XP_019922627.1_743	XP_030830818.1	33.241	1805	978	41	4	5067	4	1698	0.0	920
lcl|NW_011934655.1_cds_XP_011426923.1_744	XP_030830818.1	33.241	1805	978	41	4	5067	4	1698	0.0	920
lcl|NW_011934655.1_cds_XP_011426946.1_745	XP_030830818.1	33.012	1766	1024	38	4	5037	4	1698	0.0	870
lcl|NW_011934655.1_cds_XP_011426990.1_749	XP_030832611.1	26.899	487	277	17	178	1521	36	482	1.69e-30	125
lcl|NW_011934656.1_cds_XP_011427058.1_750	XP_030838918.1	29.236	301	185	8	265	1092	70	367	4.40e-27	112
lcl|NW_011934656.1_cds_XP_011427050.1_751	XP_030838918.1	29.236	301	185	8	280	1107	70	367	5.58e-27	112
lcl|NW_011934656.1_cds_XP_011427067.1_752	XP_030838918.1	29.236	301	185	8	217	1044	70	367	4.44e-27	112
lcl|NW_011934656.1_cds_XP_011427076.1_753	XP_030838918.1	29.236	301	185	8	217	1044	70	367	4.44e-27	112
lcl|NW_011934656.1_cds_XP_011427084.1_754	XP_030838918.1	29.236	301	185	8	217	1044	70	367	4.44e-27	112
lcl|NW_011934656.1_cds_XP_011427093.1_755	XP_030838918.1	29.236	301	185	8	217	1044	70	367	4.44e-27	112
lcl|NW_011934656.1_cds_XP_011427114.1_756	XP_030854295.1	51.415	212	100	2	55	687	18	227	3.01e-56	179
lcl|NW_011934656.1_cds_XP_011427105.1_757	XP_030854295.1	48.372	215	108	2	34	675	11	223	1.08e-54	176
lcl|NW_011934656.1_cds_XP_011427140.1_759	XP_030833213.1	33.333	222	136	7	22	660	5	223	2.82e-31	119
lcl|NW_011934656.1_cds_XP_011427165.1_761	XP_030843691.1	61.333	150	58	0	1	450	1299	1448	3.91e-61	204
lcl|NW_011934660.1_cds_NP_001292306.1_763	XP_030830940.1	46.352	233	102	6	4	672	14	233	8.19e-56	194
lcl|NW_011934660.1_cds_XP_011427202.1_764	XP_030830970.1	35.832	547	325	11	76	1653	36	577	1.50e-97	323
lcl|NW_011934660.1_cds_XP_019922694.1_765	XP_781842.1	24.016	254	182	4	154	891	37	287	1.40e-23	102
lcl|NW_011934660.1_cds_XP_011427238.1_769	XP_011674808.2	38.655	476	241	15	37	1377	13	466	2.27e-75	251
lcl|NW_011934660.1_cds_XP_019922724.1_770	XP_011674808.2	38.478	460	236	14	37	1353	13	446	8.13e-72	238
